  5.4925000e+002  1.4326893e+001
  5.4799000e+002  1.5709648e+001
  5.4673000e+002  1.7302017e+001
  5.4547000e+002  1.9148451e+001
  5.4420000e+002  2.1324342e+001
  5.4294000e+002  2.3869590e+001
  5.4168000e+002  2.6896840e+001
  5.4042000e+002  3.0535189e+001
  5.3915000e+002  3.4998574e+001
  5.3789000e+002  4.0460709e+001
  5.3663000e+002  4.7296280e+001
  5.3536000e+002  5.6080289e+001
  5.3410000e+002  6.7420497e+001
  5.3283000e+002  8.2659479e+001
  5.3157000e+002  1.0339910e+002
  5.3030000e+002  1.3308345e+002
  5.2904000e+002  1.7667060e+002
  5.2777000e+002  2.4507727e+002
  5.2650000e+002  3.5839480e+002
  5.2524000e+002  5.5660187e+002
  5.2397000e+002  9.2270842e+002
  5.2270000e+002  1.5135583e+003
  5.2144000e+002  1.8969174e+003
  5.2017000e+002  1.8394928e+003
  5.1890000e+002  1.6487362e+003
  5.1763000e+002  1.4294600e+003
  5.1636000e+002  1.2317970e+003
  5.1509000e+002  1.0623141e+003
  5.1383000e+002  9.1902039e+002
  5.1256000e+002  7.9563774e+002
  5.1129000e+002  6.8990807e+002
  5.1002000e+002  5.9900148e+002
  5.0875000e+002  5.2062959e+002
  5.0747000e+002  4.5242706e+002
  5.0620000e+002  3.9390319e+002
  5.0493000e+002  3.4319355e+002
  5.0366000e+002  2.9920878e+002
  5.0239000e+002  2.6102426e+002
  5.0112000e+002  2.2785118e+002
  4.9984000e+002  1.9880256e+002
  4.9857000e+002  1.7374849e+002
  4.9730000e+002  1.5194668e+002
  4.9602000e+002  1.3282727e+002
  4.9475000e+002  1.1631474e+002
  4.9348000e+002  1.0192768e+002
  4.9220000e+002  8.9295654e+001
  4.9093000e+002  7.8373347e+001
  4.8965000e+002  6.8776177e+001
  4.8838000e+002  6.0471661e+001
  4.8710000e+002  5.3169046e+001
  4.8583000e+002  4.6845012e+001
  4.8455000e+002  4.1279370e+001
  4.8327000e+002  3.6419934e+001
  4.8200000e+002  3.2206109e+001
  4.8072000e+002  2.8492444e+001
  4.7944000e+002  2.5245191e+001
  4.7817000e+002  2.2424947e+001
  4.7689000e+002  1.9935306e+001
  4.7561000e+002  1.7754457e+001
  4.7433000e+002  1.5842798e+001
  4.7305000e+002  1.4165879e+001
  4.7177000e+002  1.2693723e+001
  4.7050000e+002  1.1409716e+001
  4.6922000e+002  1.0271065e+001
  4.6794000e+002  9.2687572e+000
  4.6666000e+002  8.3855567e+000
  4.6537000e+002  7.6007398e+000
  4.6409000e+002  6.9133180e+000
  4.6281000e+002  6.3054357e+000
  4.6153000e+002  5.7671709e+000
  4.6025000e+002  5.2898734e+000
  4.5897000e+002  4.8659995e+000
  4.5769000e+002  4.4889692e+000
  4.5640000e+002  4.1505645e+000
  4.5512000e+002  3.8509904e+000
  4.5384000e+002  3.5830991e+000
  4.5255000e+002  3.3412983e+000
  4.5127000e+002  3.1259809e+000
  4.4999000e+002  2.9322554e+000
  4.4870000e+002  2.7562788e+000
  4.4742000e+002  2.5985373e+000
  4.4613000e+002  2.4545841e+000
  4.4485000e+002  2.3249342e+000
  4.4356000e+002  2.2060424e+000
  4.4227000e+002  2.0976307e+000
  4.4099000e+002  1.9992598e+000
  4.3970000e+002  1.9083684e+000
  4.3841000e+002  1.8248545e+000
  4.3713000e+002  1.7484958e+000
  4.3584000e+002  1.6774043e+000
  4.3455000e+002  1.6115855e+000
  4.3326000e+002  1.5504969e+000
  4.3198000e+002  1.4940859e+000
  4.3069000e+002  1.4410517e+000
  4.2940000e+002  1.3914775e+000
  4.2811000e+002  1.3450334e+000
  4.2682000e+002  1.3014269e+000
  4.2553000e+002  1.2603988e+000
  4.2424000e+002  1.2217186e+000
  4.2295000e+002  1.1851816e+000
  4.2166000e+002  1.1506052e+000
  4.2037000e+002  1.1178268e+000
  4.1908000e+002  1.0867008e+000
  4.1778000e+002  1.0568731e+000
  4.1649000e+002  1.0286852e+000
  4.1520000e+002  1.0017969e+000
  4.1391000e+002  9.7611388e-001
  4.1261000e+002  9.5136483e-001
  4.1132000e+002  9.2785308e-001
  4.1003000e+002  9.0531441e-001
  4.0873000e+002  8.8352140e-001
  4.0744000e+002  8.6275154e-001
  4.0615000e+002  8.4278145e-001
  4.0485000e+002  8.2341723e-001
  4.0356000e+002  8.0491283e-001
  4.0226000e+002  7.8694065e-001
  4.0097000e+002  7.6974015e-001
