  5.4925000e+002  6.1818851e+000
  5.4799000e+002  6.7580859e+000
  5.4673000e+002  7.4183596e+000
  5.4547000e+002  8.1798019e+000
  5.4420000e+002  9.0716359e+000
  5.4294000e+002  1.0107747e+001
  5.4168000e+002  1.1330650e+001
  5.4042000e+002  1.2787687e+001
  5.3915000e+002  1.4557368e+001
  5.3789000e+002  1.6698274e+001
  5.3663000e+002  1.9341993e+001
  5.3536000e+002  2.2686102e+001
  5.3410000e+002  2.6922931e+001
  5.3283000e+002  3.2488105e+001
  5.3157000e+002  3.9852767e+001
  5.3030000e+002  5.0029108e+001
  5.2904000e+002  6.4313297e+001
  5.2777000e+002  8.5444866e+001
  5.2650000e+002  1.1778850e+002
  5.2524000e+002  1.6875458e+002
  5.2397000e+002  2.5184662e+002
  5.2270000e+002  3.7773668e+002
  5.2144000e+002  5.1052427e+002
  5.2017000e+002  5.4169974e+002
  5.1890000e+002  5.2415184e+002
  5.1763000e+002  4.8372670e+002
  5.1636000e+002  4.3648927e+002
  5.1509000e+002  3.9130369e+002
  5.1383000e+002  3.5082046e+002
  5.1256000e+002  3.1452153e+002
  5.1129000e+002  2.8231527e+002
  5.1002000e+002  2.5369573e+002
  5.0875000e+002  2.2820333e+002
  5.0747000e+002  2.0527540e+002
  5.0620000e+002  1.8493525e+002
  5.0493000e+002  1.6671108e+002
  5.0366000e+002  1.5036115e+002
  5.0239000e+002  1.3567684e+002
  5.0112000e+002  1.2247670e+002
  4.9984000e+002  1.1051332e+002
  4.9857000e+002  9.9833085e+001
  4.9730000e+002  9.0214164e+001
  4.9602000e+002  8.1482455e+001
  4.9475000e+002  7.3676524e+001
  4.9348000e+002  6.6637915e+001
  4.9220000e+002  6.0241816e+001
  4.9093000e+002  5.4518528e+001
  4.8965000e+002  4.9314919e+001
  4.8838000e+002  4.4656413e+001
  4.8710000e+002  4.0418986e+001
  4.8583000e+002  3.6623838e+001
  4.8455000e+002  3.3170340e+001
  4.8327000e+002  3.0052961e+001
  4.8200000e+002  2.7259356e+001
  4.8072000e+002  2.4715819e+001
  4.7944000e+002  2.2418571e+001
  4.7817000e+002  2.0358796e+001
  4.7689000e+002  1.8482378e+001
  4.7561000e+002  1.6786720e+001
  4.7433000e+002  1.5254117e+001
  4.7305000e+002  1.3868620e+001
  4.7177000e+002  1.2615860e+001
  4.7050000e+002  1.1491302e+001
  4.6922000e+002  1.0465635e+001
  4.6794000e+002  9.5376352e+000
  4.6666000e+002  8.6978067e+000
  4.6537000e+002  7.9319408e+000
  4.6409000e+002  7.2441429e+000
  4.6281000e+002  6.6212174e+000
  4.6153000e+002  6.0568874e+000
  4.6025000e+002  5.5454907e+000
  4.5897000e+002  5.0819188e+000
  4.5769000e+002  4.6615621e+000
  4.5640000e+002  4.2774258e+000
  4.5512000e+002  3.9316887e+000
  4.5384000e+002  3.6178402e+000
  4.5255000e+002  3.3307040e+000
  4.5127000e+002  3.0719562e+000
  4.4999000e+002  2.8367737e+000
  4.4870000e+002  2.6213172e+000
  4.4742000e+002  2.4268858e+000
  4.4613000e+002  2.2485793e+000
  4.4485000e+002  2.0874984e+000
  4.4356000e+002  1.9396084e+000
  4.4227000e+002  1.8048481e+000
  4.4099000e+002  1.6828818e+000
  4.3970000e+002  1.5706860e+000
  4.3841000e+002  1.4682420e+000
  4.3713000e+002  1.3753257e+000
  4.3584000e+002  1.2896614e+000
  4.3455000e+002  1.2112588e+000
  4.3326000e+002  1.1394408e+000
  4.3198000e+002  1.0740844e+000
  4.3069000e+002  1.0136187e+000
  4.2940000e+002  9.5807671e-001
  4.2811000e+002  9.0700605e-001
  4.2682000e+002  8.5999784e-001
  4.2553000e+002  8.1668224e-001
  4.2424000e+002  7.7672470e-001
  4.2295000e+002  7.3982252e-001
  4.2166000e+002  7.0570177e-001
  4.2037000e+002  6.7411449e-001
  4.1908000e+002  6.4483618e-001
  4.1778000e+002  6.1746059e-001
  4.1649000e+002  5.9222358e-001
  4.1520000e+002  5.6873988e-001
  4.1391000e+002  5.4685832e-001
  4.1261000e+002  5.2628895e-001
  4.1132000e+002  5.0722314e-001
  4.1003000e+002  4.8938446e-001
  4.0873000e+002  4.7254516e-001
  4.0744000e+002  4.5687085e-001
  4.0615000e+002  4.4214346e-001
  4.0485000e+002  4.2818214e-001
  4.0356000e+002  4.1513160e-001
  4.0226000e+002  4.0272512e-001
  4.0097000e+002  3.9109558e-001
