  5.4925000e+002  7.8037403e+000
  5.4799000e+002  8.5461103e+000
  5.4673000e+002  9.3990171e+000
  5.4547000e+002  1.0385392e+001
  5.4420000e+002  1.1544251e+001
  5.4294000e+002  1.2895132e+001
  5.4168000e+002  1.4495427e+001
  5.4042000e+002  1.6409827e+001
  5.3915000e+002  1.8745425e+001
  5.3789000e+002  2.1584931e+001
  5.3663000e+002  2.5110441e+001
  5.3536000e+002  2.9596993e+001
  5.3410000e+002  3.5319317e+001
  5.3283000e+002  4.2891046e+001
  5.3157000e+002  5.2990685e+001
  5.3030000e+002  6.7061709e+001
  5.2904000e+002  8.6968324e+001
  5.2777000e+002  1.1658457e+002
  5.2650000e+002  1.6186848e+002
  5.2524000e+002  2.3189133e+002
  5.2397000e+002  3.3882427e+002
  5.2270000e+002  4.7353729e+002
  5.2144000e+002  5.5741817e+002
  5.2017000e+002  5.5401931e+002
  5.1890000e+002  5.2763919e+002
  5.1763000e+002  4.8576203e+002
  5.1636000e+002  4.4087588e+002
  5.1509000e+002  3.9849385e+002
  5.1383000e+002  3.6033082e+002
  5.1256000e+002  3.2580787e+002
  5.1129000e+002  2.9489187e+002
  5.1002000e+002  2.6717197e+002
  5.0875000e+002  2.4226835e+002
  5.0747000e+002  2.1968295e+002
  5.0620000e+002  1.9948338e+002
  5.0493000e+002  1.8124064e+002
  5.0366000e+002  1.6474477e+002
  5.0239000e+002  1.4981315e+002
  5.0112000e+002  1.3628588e+002
  4.9984000e+002  1.2393021e+002
  4.9857000e+002  1.1281368e+002
  4.9730000e+002  1.0272413e+002
  4.9602000e+002  9.3493937e+001
  4.9475000e+002  8.5178206e+001
  4.9348000e+002  7.7621890e+001
  4.9220000e+002  7.0702058e+001
  4.9093000e+002  6.4462118e+001
  4.8965000e+002  5.8744841e+001
  4.8838000e+002  5.3586890e+001
  4.8710000e+002  4.8858942e+001
  4.8583000e+002  4.4591830e+001
  4.8455000e+002  4.0678990e+001
  4.8327000e+002  3.7119764e+001
  4.8200000e+002  3.3905781e+001
  4.8072000e+002  3.0957161e+001
  4.7944000e+002  2.8273708e+001
  4.7817000e+002  2.5849401e+001
  4.7689000e+002  2.3624219e+001
  4.7561000e+002  2.1598203e+001
  4.7433000e+002  1.9753242e+001
  4.7305000e+002  1.8072890e+001
  4.7177000e+002  1.6542216e+001
  4.7050000e+002  1.5158059e+001
  4.6922000e+002  1.3886382e+001
  4.6794000e+002  1.2727399e+001
  4.6666000e+002  1.1670936e+001
  4.6537000e+002  1.0700568e+001
  4.6409000e+002  9.8228855e+000
  4.6281000e+002  9.0223812e+000
  4.6153000e+002  8.2921182e+000
  4.6025000e+002  7.6257900e+000
  4.5897000e+002  7.0176624e+000
  4.5769000e+002  6.4625217e+000
  4.5640000e+002  5.9518446e+000
  4.5512000e+002  5.4892101e+000
  4.5384000e+002  5.0665579e+000
  4.5255000e+002  4.6774405e+000
  4.5127000e+002  4.3246280e+000
  4.4999000e+002  4.0020182e+000
  4.4870000e+002  3.7047254e+000
  4.4742000e+002  3.4349034e+000
  4.4613000e+002  3.1860792e+000
  4.4485000e+002  2.9600786e+000
  4.4356000e+002  2.7515024e+000
  4.4227000e+002  2.5604850e+000
  4.4099000e+002  2.3867692e+000
  4.3970000e+002  2.2262338e+000
  4.3841000e+002  2.0790074e+000
  4.3713000e+002  1.9449207e+000
  4.3584000e+002  1.8208182e+000
  4.3455000e+002  1.7068211e+000
  4.3326000e+002  1.6020453e+000
  4.3198000e+002  1.5064021e+000
  4.3069000e+002  1.4176687e+000
  4.2940000e+002  1.3359565e+000
  4.2811000e+002  1.2606573e+000
  4.2682000e+002  1.1912176e+000
  4.2553000e+002  1.1271332e+000
  4.2424000e+002  1.0679447e+000
  4.2295000e+002  1.0132337e+000
  4.2166000e+002  9.6261895e-001
  4.2037000e+002  9.1575301e-001
  4.1908000e+002  8.7231921e-001
  4.1778000e+002  8.3172813e-001
  4.1649000e+002  7.9433943e-001
  4.1520000e+002  7.5958921e-001
  4.1391000e+002  7.2725872e-001
  4.1261000e+002  6.9692317e-001
  4.1132000e+002  6.6886605e-001
  4.1003000e+002  6.4267957e-001
  4.0873000e+002  6.1802881e-001
  4.0744000e+002  5.9515375e-001
  4.0615000e+002  5.7373194e-001
  4.0485000e+002  5.5349722e-001
  4.0356000e+002  5.3465478e-001
  4.0226000e+002  5.1681453e-001
  4.0097000e+002  5.0016229e-001
