  5.4925000e+002  2.7122972e-001
  5.4799000e+002  2.9882213e-001
  5.4673000e+002  3.3084024e-001
  5.4547000e+002  3.6828134e-001
  5.4420000e+002  4.1282112e-001
  5.4294000e+002  4.6547473e-001
  5.4168000e+002  5.2884705e-001
  5.4042000e+002  6.0604545e-001
  5.3915000e+002  7.0222909e-001
  5.3789000e+002  8.2206332e-001
  5.3663000e+002  9.7519135e-001
  5.3536000e+002  1.1769082e+000
  5.3410000e+002  1.4451877e+000
  5.3283000e+002  1.8190444e+000
  5.3157000e+002  2.3513581e+000
  5.3030000e+002  3.1583898e+000
  5.2904000e+002  4.4357070e+000
  5.2777000e+002  6.6525872e+000
  5.2650000e+002  1.0866059e+001
  5.2524000e+002  1.9669364e+001
  5.2397000e+002  3.8319952e+001
  5.2270000e+002  5.4999746e+001
  5.2144000e+002  4.9521838e+001
  5.2017000e+002  3.6514968e+001
  5.1890000e+002  2.5670298e+001
  5.1763000e+002  1.8052602e+001
  5.1636000e+002  1.2801386e+001
  5.1509000e+002  9.1638914e+000
  5.1383000e+002  6.6412950e+000
  5.1256000e+002  4.8505521e+000
  5.1129000e+002  3.5824936e+000
  5.1002000e+002  2.6785180e+000
  5.0875000e+002  2.0296672e+000
  5.0747000e+002  1.5574110e+000
  5.0620000e+002  1.2163737e+000
  5.0493000e+002  9.6563838e-001
  5.0366000e+002  7.7949436e-001
  5.0239000e+002  6.3980983e-001
  5.0112000e+002  5.3374816e-001
  4.9984000e+002  4.5162177e-001
  4.9857000e+002  3.8816687e-001
  4.9730000e+002  3.3799839e-001
  4.9602000e+002  2.9747584e-001
  4.9475000e+002  2.6478722e-001
  4.9348000e+002  2.3781159e-001
  4.9220000e+002  2.1508707e-001
  4.9093000e+002  1.9600224e-001
  4.8965000e+002  1.7952841e-001
  4.8838000e+002  1.6538078e-001
  4.8710000e+002  1.5292005e-001
  4.8583000e+002  1.4202425e-001
  4.8455000e+002  1.3227309e-001
  4.8327000e+002  1.2356104e-001
  4.8200000e+002  1.1578981e-001
  4.8072000e+002  1.0871201e-001
  4.7944000e+002  1.0228966e-001
  4.7817000e+002  9.6482236e-002
  4.7689000e+002  9.1128714e-002
  4.7561000e+002  8.6218157e-002
  4.7433000e+002  8.1700793e-002
  4.7305000e+002  7.7534133e-002
  4.7177000e+002  7.3681639e-002
  4.7050000e+002  7.0138544e-002
  4.6922000e+002  6.6821656e-002
  4.6794000e+002  6.3735780e-002
  4.6666000e+002  6.0859647e-002
  4.6537000e+002  5.8154186e-002
  4.6409000e+002  5.5644554e-002
  4.6281000e+002  5.3294203e-002
  4.6153000e+002  5.1089858e-002
  4.6025000e+002  4.9019620e-002
  4.5897000e+002  4.7072788e-002
  4.5769000e+002  4.5239721e-002
  4.5640000e+002  4.3498599e-002
  4.5512000e+002  4.1868478e-002
  4.5384000e+002  4.0328308e-002
  4.5255000e+002  3.8860518e-002
  4.5127000e+002  3.7481902e-002
  4.4999000e+002  3.6175362e-002
  4.4870000e+002  3.4926527e-002
  4.4742000e+002  3.3750207e-002
  4.4613000e+002  3.2623807e-002
  4.4485000e+002  3.1560961e-002
  4.4356000e+002  3.0541500e-002
  4.4227000e+002  2.9570642e-002
  4.4099000e+002  2.8652348e-002
  4.3970000e+002  2.7769483e-002
  4.3841000e+002  2.6926797e-002
  4.3713000e+002  2.6127989e-002
  4.3584000e+002  2.5358368e-002
  4.3455000e+002  2.4622252e-002
  4.3326000e+002  2.3917726e-002
  4.3198000e+002  2.3248127e-002
  4.3069000e+002  2.2601345e-002
  4.2940000e+002  2.1981180e-002
  4.2811000e+002  2.1386191e-002
  4.2682000e+002  2.0815034e-002
  4.2553000e+002  2.0266453e-002
  4.2424000e+002  1.9739274e-002
  4.2295000e+002  1.9232398e-002
  4.2166000e+002  1.8744796e-002
  4.2037000e+002  1.8275503e-002
  4.1908000e+002  1.7823614e-002
  4.1778000e+002  1.7384967e-002
  4.1649000e+002  1.6965506e-002
  4.1520000e+002  1.6561043e-002
  4.1391000e+002  1.6170872e-002
  4.1261000e+002  1.5791460e-002
  4.1132000e+002  1.5428013e-002
  4.1003000e+002  1.5076970e-002
  4.0873000e+002  1.4735187e-002
  4.0744000e+002  1.4407393e-002
  4.0615000e+002  1.4090416e-002
  4.0485000e+002  1.3781447e-002
  4.0356000e+002  1.3484791e-002
  4.0226000e+002  1.3195421e-002
  4.0097000e+002  1.2917386e-002
