  5.4925000e+002  9.4000672e-001
  5.4799000e+002  1.1584757e+000
  5.4673000e+002  1.4215317e+000
  5.4547000e+002  1.7367598e+000
  5.4420000e+002  2.1159452e+000
  5.4294000e+002  2.5627125e+000
  5.4168000e+002  3.0903594e+000
  5.4042000e+002  3.7104937e+000
  5.3915000e+002  4.4419723e+000
  5.3789000e+002  5.2870184e+000
  5.3663000e+002  6.2655531e+000
  5.3536000e+002  7.4026022e+000
  5.3410000e+002  8.6965153e+000
  5.3283000e+002  1.0184799e+001
  5.3157000e+002  1.1861117e+001
  5.3030000e+002  1.3769399e+001
  5.2904000e+002  1.5896458e+001
  5.2777000e+002  1.8292454e+001
  5.2650000e+002  2.0956904e+001
  5.2524000e+002  2.3879400e+001
  5.2397000e+002  2.7118195e+001
  5.2270000e+002  3.0660673e+001
  5.2144000e+002  3.4481717e+001
  5.2017000e+002  3.8644883e+001
  5.1890000e+002  4.3119992e+001
  5.1763000e+002  4.7901477e+001
  5.1636000e+002  5.2978869e+001
  5.1509000e+002  5.8336454e+001
  5.1383000e+002  6.3907829e+001
  5.1256000e+002  6.9754721e+001
  5.1129000e+002  7.5801309e+001
  5.1002000e+002  8.2009347e+001
  5.0875000e+002  8.8335152e+001
  5.0747000e+002  9.4780441e+001
  5.0620000e+002  1.0119078e+002
  5.0493000e+002  1.0755900e+002
  5.0366000e+002  1.1382459e+002
  5.0239000e+002  1.1992479e+002
  5.0112000e+002  1.2579559e+002
  4.9984000e+002  1.3141537e+002
  4.9857000e+002  1.3663270e+002
  4.9730000e+002  1.4143167e+002
  4.9602000e+002  1.4578660e+002
  4.9475000e+002  1.4957591e+002
  4.9348000e+002  1.5278801e+002
  4.9220000e+002  1.5539977e+002
  4.9093000e+002  1.5733669e+002
  4.8965000e+002  1.5860353e+002
  4.8838000e+002  1.5916387e+002
  4.8710000e+002  1.5901902e+002
  4.8583000e+002  1.5817314e+002
  4.8455000e+002  1.5662426e+002
  4.8327000e+002  1.5439690e+002
  4.8200000e+002  1.5154539e+002
  4.8072000e+002  1.4806213e+002
  4.7944000e+002  1.4401195e+002
  4.7817000e+002  1.3948360e+002
  4.7689000e+002  1.3446195e+002
  4.7561000e+002  1.2904135e+002
  4.7433000e+002  1.2328541e+002
  4.7305000e+002  1.1725941e+002
  4.7177000e+002  1.1102914e+002
  4.7050000e+002  1.0470984e+002
  4.6922000e+002  9.8264915e+001
  4.6794000e+002  9.1804239e+001
  4.6666000e+002  8.5384737e+001
  4.6537000e+002  7.9010021e+001
  4.6409000e+002  7.2826760e+001
  4.6281000e+002  6.6827169e+001
  4.6153000e+002  6.1047571e+001
  4.6025000e+002  5.5518404e+001
  4.5897000e+002  5.0264204e+001
  4.5769000e+002  4.5303724e+001
  4.5640000e+002  4.0615036e+001
  4.5512000e+002  3.6278828e+001
  4.5384000e+002  3.2260634e+001
  4.5255000e+002  2.8531504e+001
  4.5127000e+002  2.5144072e+001
  4.4999000e+002  2.2059712e+001
  4.4870000e+002  1.9246440e+001
  4.4742000e+002  1.6734238e+001
  4.4613000e+002  1.4468292e+001
  4.4485000e+002  1.2467061e+001
  4.4356000e+002  1.0681597e+001
  4.4227000e+002  9.1102654e+000
  4.4099000e+002  7.7447464e+000
  4.3970000e+002  6.5458010e+000
  4.3841000e+002  5.5073301e+000
  4.3713000e+002  4.6189860e+000
  4.3584000e+002  3.8511082e+000
  4.3455000e+002  3.1962999e+000
  4.3326000e+002  2.6407789e+000
  4.3198000e+002  2.1752289e+000
  4.3069000e+002  1.7809440e+000
  4.2940000e+002  1.4515041e+000
  4.2811000e+002  1.1776304e+000
  4.2682000e+002  9.5109182e-001
  4.2553000e+002  7.6464282e-001
  4.2424000e+002  6.1195220e-001
  4.2295000e+002  4.8752749e-001
  4.2166000e+002  3.8663702e-001
  4.2037000e+002  3.0523230e-001
  4.1908000e+002  2.3987239e-001
  4.1778000e+002  1.8729166e-001
  4.1649000e+002  1.4584728e-001
  4.1520000e+002  1.1305790e-001
  4.1391000e+002  8.7242127e-002
  4.1261000e+002  6.6877274e-002
  4.1132000e+002  5.1136853e-002
  4.1003000e+002  3.8923523e-002
  4.0873000e+002  2.9428708e-002
  4.0744000e+002  2.2196242e-002
  4.0615000e+002  1.6665197e-002
  4.0485000e+002  1.2427284e-002
  4.0356000e+002  9.2456471e-003
  4.0226000e+002  6.8312853e-003
  4.0097000e+002  5.0360917e-003
